0 0.059895833333333336 0.4902345 0.11979200000000001 0.04882799999999998
0 0.08072916666666667 0.7695314375 0.16406199999999999 0.1230469999999999
0 0.14192708333333334 0.65625 0.286458 0.125977
0 0.15364583333333334 0.3486325625 0.307292 0.12792999999999993
0 0.20703125 0.0712890625 0.415365 0.144531
0 0.24479116666666667 0.2236325 0.411459 0.14257799999999998
0 0.31380258333333333 0.9003909999999999 0.39583299999999993 0.1259760000000001
0 0.3098955 0.43066374999999996 0.329427 0.11718800000000001
0 0.3606774166666667 0.583008125 0.3893229999999999 0.12988299999999997
0 0.3789065833333334 0.8027340000000001 0.3945309999999999 0.125
0 0.4895834166666666 0.715820625 0.388021 0.11425799999999997
0 0.4999998333333333 0.5253904375 0.3385419999999999 0.12304700000000002
0 0.5664064999999999 0.2148441875 0.390625 0.11718699999999999
0 0.6861981666666667 0.4287109375 0.3815100000000002 0.16992200000000002
0 0.6992183333333334 0.0439453125 0.3554690000000001 0.087891
0 0.8125 0.7333985 0.2838540000000001 0.141602
0 0.8255203333333334 0.1699214375 0.26041700000000007 0.12499999999999999
0 0.85416625 0.5546876875 0.13411499999999998 0.06933599999999995
0 0.9309893333333333 0.3359370625 0.1354169999999999 0.08105500000000004
0 0.9557286666666668 0.0898433125 0.08463599999999986 0.05761800000000001
