0 0.1361081081081081 0.4390408125 0.217333 0.10520299999999999
0 0.1298832162162162 0.2575378125 0.182666 0.10520299999999999
0 0.17924357657657658 0.0990774375 0.15333299999999997 0.093642
0 0.19112645945945947 0.6177151875 0.17066599999999998 0.08439300000000005
0 0.3245492162162162 0.26866056250000003 0.184 0.09711
0 0.31053119819819824 0.4458984375 0.14666700000000002 0.09248599999999996
0 0.404639972972973 0.606929625 0.19599999999999992 0.11329500000000003
0 0.3935855855855856 0.09702425 0.17333299999999996 0.10288999999999998
0 0.5036309639639639 0.4386025625 0.17866599999999996 0.09595399999999998
0 0.5049913243243244 0.273823875 0.150666 0.091329
0 0.6109185855855855 0.6119125 0.17333400000000007 0.10982700000000012
0 0.606945945945946 0.1017483125 0.14400000000000002 0.08901800000000001
0 0.698981981981982 0.26581025 0.21466699999999994 0.10173400000000002
0 0.6929005675675676 0.4485693125 0.13733399999999998 0.08901800000000004
0 0.8019729729729729 0.099695125 0.19733300000000004 0.09826599999999999
0 0.8106219549549549 0.61263125 0.1613330000000001 0.10289000000000004
0 0.8925492162162162 0.4375259375 0.18400000000000005 0.10867099999999996
0 0.9006663333333333 0.26883999999999997 0.1680000000000001 0.09479800000000002
