0 0.304199 0.390625 0.184570 0.281250
0 0.253418 0.766113 0.278320 0.184570
0 0.659180 0.099609 0.316406 0.166016
0 0.555664 0.794434 0.333984 0.202148
0 0.172852 0.444824 0.183594 0.307617
0 0.101074 0.615234 0.200195 0.230469
0 0.062012 0.353027 0.104492 0.192383
0 0.606445 0.407715 0.232422 0.233398
0 0.700195 0.497559 0.337891 0.172852
0 0.655762 0.910645 0.225586 0.165039
0 0.903320 0.159668 0.187500 0.286133
0 0.326660 0.139160 0.319336 0.176758
0 0.567383 0.248047 0.333984 0.130859
0 0.525391 0.644043 0.341797 0.127930