2 0.8366015625 0.43259758995137765 0.12812500000000004 0.29906600000000005
2 0.25 0.4635060405186386 0.0625 0.1547250000000001
2 0.3579296875 0.7163882820097246 0.03812500000000002 0.3406019999999999
2 0.540234375 0.4010174068071312 0.04437499999999994 0.2512980000000001
2 0.5853515625 0.7208720453808752 0.034375000000000044 0.331256
2 0.6323046875 0.44498180875202586 0.09999999999999998 0.32191000000000003
2 0.7266015625 0.4502992998379254 0.09750000000000003 0.32814200000000004
2 0.7145703125 0.6557808087520259 0.026874999999999982 0.32191100000000006
2 0.835078125 0.6835367552674231 0.0675 0.36241
2 0.942890625 0.3966114246353322 0.083125 0.23676000000000003
2 0.9656640625 0.6122239513776337 0.018749999999999933 0.21806899999999996
