0 0.1485692767203514 0.254375 0.212946 0.09375000000000003
0 0.1485692767203514 0.5874609375 0.212946 0.10750000000000004
0 0.1500334055636896 0.4153515625 0.21576 0.09750000000000003
0 0.16012389019033677 0.9041796875 0.202627 0.10124999999999995
0 0.1604225036603221 0.08812500000000001 0.195122 0.09562499999999999
0 0.16030824597364568 0.7465234375 0.18949399999999997 0.09249999999999992
0 0.7898256266471448 0.09691406250000001 0.287055 0.113125
0 0.7911764978038067 0.42609375 0.28423999999999994 0.11812499999999998
0 0.792640626647145 0.257265625 0.2870539999999999 0.114375
0 0.792640626647145 0.594296875 0.2870539999999999 0.12125000000000008
0 0.8014253997071743 0.91671875 0.304878 0.11812499999999992
0 0.8075795285505124 0.7570703125 0.30769199999999985 0.11937500000000001
