2 0.059895833333333336 0.4086328125 0.12 0.07250000000000001
2 0.0625 0.2977734375 0.125 0.06124999999999997
2 0.07291666666666667 0.3547265625 0.14666700000000002 0.06624999999999998
2 0.07291666666666667 0.4786328125 0.14666700000000002 0.07250000000000001
2 0.08333333333333333 0.691328125 0.166667 0.036250000000000004
2 0.08723958333333333 0.6498828125 0.17666700000000002 0.07250000000000001
2 0.08984375 0.5929296875 0.181667 0.07000000000000006
2 0.09114583333333333 0.5398828125 0.183333 0.07250000000000001
2 0.23979166666666665 0.648515625 0.24000000000000002 0.08374999999999999
2 0.2590100833333333 0.485078125 0.22333400000000006 0.09875
2 0.18307258333333332 0.4753125 0.04999999999999999 0.01749999999999996
2 0.18213541666666666 0.4148828125 0.045000000000000005 0.011250000000000038
2 0.255417 0.530703125 0.19000000000000003 0.06749999999999995
2 0.2665625 0.593515625 0.20333299999999996 0.08250000000000002
2 0.182292 0.350859375 0.03333300000000002 0.012500000000000011
2 0.2617190833333333 0.431015625 0.191666 0.08374999999999999
2 0.21973958333333332 0.5461328125 0.05166700000000002 0.010000000000000009
2 0.304375 0.379375 0.21999999999999997 0.09499999999999997
2 0.22083333333333335 0.5968359375 0.043332999999999955 0.015000000000000013
2 0.24546841666666666 0.2573828125 0.046667000000000014 0.011249999999999982
2 0.5960940833333334 0.588515625 0.41 0.14500000000000002
2 0.4215621666666667 0.2643359375 0.036667000000000005 0.013749999999999984
2 0.6381770833333333 0.386640625 0.34833299999999995 0.11374999999999996
2 0.63515625 0.3028125 0.321667 0.08000000000000002
2 0.63625 0.4762109375 0.3150000000000001 0.10750000000000004
2 0.5204684166666667 0.3590625 0.04666700000000009 0.016249999999999987
2 0.5254684166666667 0.287109375 0.046667000000000014 0.012500000000000011
2 0.5343746666666668 0.4080859375 0.05333399999999999 0.013749999999999984
2 0.6492711666666667 0.6585546875 0.2566659999999999 0.09999999999999998
2 0.6613020833333333 0.55265625 0.25333300000000003 0.07125000000000004
2 0.6584895833333334 0.730390625 0.2383329999999999 0.05125000000000002
2 0.8644795 0.5731640625 0.266666 0.11250000000000004
2 0.8784895833333334 0.421328125 0.2383329999999999 0.09875
2 0.8808854166666666 0.27609375 0.233333 0.056249999999999994
2 0.8873440833333334 0.3401171875 0.22166599999999992 0.05375000000000002
2 0.8945315833333334 0.4976953125 0.20666599999999993 0.08875
2 0.8989583333333334 0.6724609375 0.19833299999999987 0.10749999999999993
2 0.8251045 0.6493359375 0.04833299999999996 0.01375000000000004
2 0.8319788333333333 0.5840625 0.05833400000000003 0.01749999999999996
2 0.8369788333333332 0.4918359375 0.05833400000000003 0.01375000000000004
2 0.8397395833333333 0.4280859375 0.051666999999999984 0.015000000000000013
2 0.8486458333333333 0.2955859375 0.058333000000000045 0.013749999999999984
2 0.8467705 0.3536328125 0.04833399999999995 0.011249999999999982
